
4848064800506868989968099800580850084608669866480858084668996806980658084008460866980648084808460848
8082908556805  6818081068240895680558062808240855086558042808206824689598042806286829085408654804280
285804280658    085568055809180816082508080805280018082408556865580418082968250865480528001808240858
8085608490809 7  08685808560894680448087  5060849086948065868500849089468094866580856084908694806580
6890986098606808  0896686098689898086      868009868986090680868909868980890089068609808986898089068
90908590894680508  0008290854089807   867 8085408446868080808080808450864480458082068590894680458090
080558092808160808 80808080800180  60808680558060808087          70800180824084568055809180816082508
4060859089468046807 895715808082 78062800500808087       7126517    20864480958085068590894680458090
68906868986048689             7 08096860900808     2080808080808680   089898686068686868986898689098
808560844086807   79808080861    7808065808    480864             707  08094800580856084968699806580
2858052809981  70800541515560808   802686   4801        777515177      80968540865980428001808240858
86829085508   80912151515151512486  808   17     786808080808086808087  7095806286829085408645809280
4898004808  18221525151515151515180  7      780868086868080890492519080   08906896680098084808400848
606084668  1812151515251415251515180     4808080808089659569868080805160  60648085008460899680648666
680458082  8140515149415121515151518   86801                       706286  8085468045809280829085408
40908296  8440 4914086418081525151201  7     7158080808086808080017 84908  0528081068240845680558040
68094808  620  8140   087 78252515105  6086868086046545459595640080859287  8084468094806580850084608
80090689  818 40528   80   0615651590  080808992459595649495659595459540    768009890089068606860986
58580408  050 78151868150900120125187      74808689954595959595656592907 70    808680458002808540858
80814080  9087 0515151514661107 8190            76808680846545959560867  68     70808080008654864180
584809580  868  08151515121504 8460                  7180808080868087  70565 77      758080608590858
0089868980  808  18084956080  8086    7        08057                  805146  77          2006868986
68695806280   080   744027   8087  80          814980808           808921518  77         70850085908
4090824085805   60817     2080    801       7  0415151507       7  051525150  7      780806980558040
080558062808086     7908681    708287          8552525187          815151518     8080808280829085408
6000896689698680867         108091267 7     7  0915151505 7     7  051515126    80808406896680698600
48480648005808560808080  7 806121518  7     7  8251515182       7  815152298   864980648084808460848
80829085408654804280028   8011525100  7     7  6515251505 7     7  05151298   8500829685508644804280
285805280018681408456808  081525120  7      7  8151515187       7  8151208  786865986428001808240858
8085608490869980658685068  08152208         7 9652525220  7     7 1021005  0806580856084908694809580
6890986098689808986860600   985508  7      7  6515152528  7    7  05480   08689068609800986890689098
4060859089468045806580828     802  7      7  68152515186       7  808    080458082008540894680458090
6805580928081608550865980  86               78151515150  7    7  86   04 805084568055809180816082508
9066859689468095806280828  080              81515151107 7    7      0087 080958085008590894680458090
9890686868689868906860686  848  0         685924255805             80867 808686868609868686898689068
8085608490864980658085008  0801 868      79759808087          8081 08487 085800580859084468644866580
2858042800180824084568040 78187 0008 8627               7504 86607 85807 808550895980528001808240858
8082908546864480928081008 7080  8081 08686808686868080808085 68687 08487 065806280829085408654869280
4848664808480846089668480 7808  0808 80096980808086808469807 8086  80602 808460866980648084868400848
606084668996806480058080   78    08  486850084908999866480    80    508  780648084808460899686648060
086558092808260854086501    0    8    78980458092808296808    98    08    78084568045809286826082408
5090824089568045806186809 708086807   808100824684568055808 70828080802   80428081008240895680528040
0869486658085608590864980808680868080804680948665808500849080848080806080899084968094800580850084908
